#T Cv
0.001 1.24304
0.002 223.683
0.003 892.17
0.004 1519.04
0.005 1941.23
0.006 2227.05
0.007 2453.88
0.008 2664.85
0.009 2878.52
0.01 3101.11
0.011 3333.56
0.012 3574.9
0.013 3823.63
0.014 4078.29
0.015 4337.61
0.016 4600.58
0.017 4866.39
0.018 5134.41
0.019 5404.14
0.02 5675.19
0.021 5947.27
0.022 6220.14
0.023 6493.6
0.024 6767.52
0.025 7041.75
0.026 7316.22
0.027 7590.84
0.028 7865.53
0.029 8140.26
0.03 8414.96
0.031 8689.61
0.032 8964.15
0.033 9238.56
0.034 9512.8
0.035 9786.85
0.036 10060.7
0.037 10334.2
0.038 10607.5
0.039 10880.4
0.04 11152.9
0.041 11425
0.042 11696.7
0.043 11967.8
0.044 12238.4
0.045 12508.3
0.046 12777.6
0.047 13046
0.048 13313.7
0.049 13580.4
0.05 13846.2
0.051 14110.9
0.052 14374.5
0.053 14636.8
0.054 14897.9
0.055 15157.5
0.056 15415.6
0.057 15672.2
0.058 15927.1
0.059 16180.2
0.06 16431.5
0.061 16680.9
0.062 16928.2
0.063 17173.4
0.064 17416.4
0.065 17657.1
0.066 17895.5
0.067 18131.4
0.068 18364.7
0.069 18595.5
0.07 18823.6
0.071 19048.9
0.072 19271.5
0.073 19491.1
0.074 19707.9
0.075 19921.6
0.076 20132.3
0.077 20339.9
0.078 20544.4
0.079 20745.7
0.08 20943.8
0.081 21138.6
0.082 21330.1
0.083 21518.4
0.084 21703.2
0.085 21884.7
0.086 22062.9
0.087 22237.6
0.088 22408.9
0.089 22576.8
0.09 22741.2
0.091 22902.3
0.092 23059.8
0.093 23214
0.094 23364.7
0.095 23512
0.096 23655.8
0.097 23796.2
0.098 23933.3
0.099 24066.9
0.1 24197.2
0.101 24324.1
0.102 24447.7
0.103 24568
0.104 24685
0.105 24798.7
0.106 24909.2
0.107 25016.5
0.108 25120.5
0.109 25221.4
0.11 25319.2
0.111 25413.9
0.112 25505.6
0.113 25594.1
0.114 25679.7
0.115 25762.4
0.116 25842.1
0.117 25918.8
0.118 25992.8
0.119 26063.9
0.12 26132.2
0.121 26197.8
0.122 26260.7
0.123 26320.9
0.124 26378.4
0.125 26433.4
0.126 26485.7
0.127 26535.6
0.128 26583
0.129 26627.9
0.13 26670.4
0.131 26710.6
0.132 26748.4
0.133 26783.9
0.134 26817.2
0.135 26848.3
0.136 26877.1
0.137 26903.9
0.138 26928.5
0.139 26951
0.14 26971.5
0.141 26990.1
0.142 27006.6
0.143 27021.3
0.144 27034
0.145 27044.9
0.146 27054
0.147 27061.3
0.148 27066.8
0.149 27070.6
0.15 27072.8
0.151 27073.3
0.152 27072.1
0.153 27069.4
0.154 27065.1
0.155 27059.4
0.156 27052.1
0.157 27043.4
0.158 27033.2
0.159 27021.6
0.16 27008.7
0.161 26994.4
0.162 26978.9
0.163 26962
0.164 26943.9
0.165 26924.5
0.166 26904
0.167 26882.3
0.168 26859.4
0.169 26835.4
0.17 26810.3
0.171 26784.2
0.172 26757
0.173 26728.8
0.174 26699.5
0.175 26669.3
0.176 26638.2
0.177 26606.1
0.178 26573.2
0.179 26539.3
0.18 26504.6
0.181 26469
0.182 26432.6
0.183 26395.4
0.184 26357.5
0.185 26318.8
0.186 26279.3
0.187 26239.1
0.188 26198.2
0.189 26156.7
0.19 26114.4
0.191 26071.6
0.192 26028
0.193 25983.9
0.194 25939.2
0.195 25893.9
0.196 25848.1
0.197 25801.6
0.198 25754.7
0.199 25707.2
0.2 25659.3
0.201 25610.8
0.202 25561.9
0.203 25512.6
0.204 25462.7
0.205 25412.5
0.206 25361.8
0.207 25310.8
0.208 25259.3
0.209 25207.5
0.21 25155.3
0.211 25102.7
0.212 25049.8
0.213 24996.6
0.214 24943
0.215 24889.2
0.216 24835
0.217 24780.6
0.218 24725.9
0.219 24670.9
0.22 24615.7
0.221 24560.2
0.222 24504.5
0.223 24448.5
0.224 24392.4
0.225 24336
0.226 24279.4
0.227 24222.7
0.228 24165.7
0.229 24108.6
0.23 24051.4
0.231 23993.9
0.232 23936.4
0.233 23878.6
0.234 23820.8
0.235 23762.8
0.236 23704.7
0.237 23646.5
0.238 23588.2
0.239 23529.8
0.24 23471.3
0.241 23412.7
0.242 23354
0.243 23295.3
0.244 23236.5
0.245 23177.6
0.246 23118.7
0.247 23059.7
0.248 23000.7
0.249 22941.6
0.25 22882.5
0.251 22823.4
0.252 22764.3
0.253 22705.1
0.254 22645.9
0.255 22586.7
0.256 22527.6
0.257 22468.4
0.258 22409.2
0.259 22350
0.26 22290.9
0.261 22231.7
0.262 22172.6
0.263 22113.5
0.264 22054.4
0.265 21995.4
0.266 21936.4
0.267 21877.5
0.268 21818.5
0.269 21759.7
0.27 21700.9
0.271 21642.1
0.272 21583.4
0.273 21524.8
0.274 21466.2
0.275 21407.7
0.276 21349.2
0.277 21290.8
0.278 21232.5
0.279 21174.3
0.28 21116.2
0.281 21058.1
0.282 21000.1
0.283 20942.2
0.284 20884.4
0.285 20826.7
0.286 20769.1
0.287 20711.5
0.288 20654.1
0.289 20596.8
0.29 20539.5
0.291 20482.4
0.292 20425.4
0.293 20368.5
0.294 20311.7
0.295 20255
0.296 20198.4
0.297 20141.9
0.298 20085.5
0.299 20029.3
0.3 19973.2
0.301 19917.2
0.302 19861.3
0.303 19805.5
0.304 19749.9
0.305 19694.4
0.306 19639
0.307 19583.7
0.308 19528.6
0.309 19473.6
0.31 19418.7
0.311 19364
0.312 19309.4
0.313 19254.9
0.314 19200.5
0.315 19146.3
0.316 19092.3
0.317 19038.3
0.318 18984.5
0.319 18930.9
0.32 18877.3
0.321 18824
0.322 18770.7
0.323 18717.6
0.324 18664.7
0.325 18611.9
0.326 18559.2
0.327 18506.7
0.328 18454.3
0.329 18402
0.33 18349.9
0.331 18298
0.332 18246.2
0.333 18194.5
0.334 18143
0.335 18091.7
0.336 18040.5
0.337 17989.4
0.338 17938.5
0.339 17887.7
0.34 17837.1
0.341 17786.6
0.342 17736.3
0.343 17686.1
0.344 17636.1
0.345 17586.2
0.346 17536.5
0.347 17486.9
0.348 17437.5
0.349 17388.2
0.35 17339.1
0.351 17290.1
0.352 17241.3
0.353 17192.6
0.354 17144.1
0.355 17095.7
0.356 17047.5
0.357 16999.4
0.358 16951.5
0.359 16903.8
0.36 16856.1
0.361 16808.7
0.362 16761.4
0.363 16714.2
0.364 16667.2
0.365 16620.3
0.366 16573.6
0.367 16527
0.368 16480.6
0.369 16434.4
0.37 16388.3
0.371 16342.3
0.372 16296.5
0.373 16250.8
0.374 16205.3
0.375 16159.9
0.376 16114.7
0.377 16069.6
0.378 16024.7
0.379 15980
0.38 15935.3
0.381 15890.9
0.382 15846.5
0.383 15802.3
0.384 15758.3
0.385 15714.4
0.386 15670.7
0.387 15627.1
0.388 15583.6
0.389 15540.3
0.39 15497.2
0.391 15454.2
0.392 15411.3
0.393 15368.6
0.394 15326
0.395 15283.6
0.396 15241.3
0.397 15199.2
0.398 15157.1
0.399 15115.3
0.4 15073.6
0.401 15032
0.402 14990.6
0.403 14949.3
0.404 14908.1
0.405 14867.1
0.406 14826.2
0.407 14785.5
0.408 14744.9
0.409 14704.5
0.41 14664.2
0.411 14624
0.412 14584
0.413 14544.1
0.414 14504.3
0.415 14464.7
0.416 14425.2
0.417 14385.9
0.418 14346.6
0.419 14307.6
0.42 14268.6
0.421 14229.8
0.422 14191.1
0.423 14152.6
0.424 14114.2
0.425 14075.9
0.426 14037.8
0.427 13999.8
0.428 13961.9
0.429 13924.2
0.43 13886.6
0.431 13849.1
0.432 13811.7
0.433 13774.5
0.434 13737.4
0.435 13700.5
0.436 13663.6
0.437 13626.9
0.438 13590.4
0.439 13553.9
0.44 13517.6
0.441 13481.4
0.442 13445.3
0.443 13409.4
0.444 13373.6
0.445 13337.9
0.446 13302.3
0.447 13266.9
0.448 13231.6
0.449 13196.4
0.45 13161.3
0.451 13126.4
0.452 13091.5
0.453 13056.8
0.454 13022.3
0.455 12987.8
0.456 12953.5
0.457 12919.2
0.458 12885.1
0.459 12851.1
0.46 12817.3
0.461 12783.5
0.462 12749.9
0.463 12716.4
0.464 12683
0.465 12649.7
0.466 12616.6
0.467 12583.5
0.468 12550.6
0.469 12517.8
0.47 12485.1
0.471 12452.5
0.472 12420.1
0.473 12387.7
0.474 12355.5
0.475 12323.3
0.476 12291.3
0.477 12259.4
0.478 12227.6
0.479 12195.9
0.48 12164.4
0.481 12132.9
0.482 12101.5
0.483 12070.3
0.484 12039.2
0.485 12008.1
0.486 11977.2
0.487 11946.4
0.488 11915.7
0.489 11885.1
0.49 11854.6
0.491 11824.2
0.492 11794
0.493 11763.8
0.494 11733.7
0.495 11703.8
0.496 11673.9
0.497 11644.1
0.498 11614.5
0.499 11584.9
0.5 11555.5
0.501 11526.1
0.502 11496.9
0.503 11467.8
0.504 11438.7
0.505 11409.8
0.506 11380.9
0.507 11352.2
0.508 11323.6
0.509 11295
0.51 11266.6
0.511 11238.2
0.512 11210
0.513 11181.8
0.514 11153.8
0.515 11125.8
0.516 11098
0.517 11070.2
0.518 11042.5
0.519 11015
0.52 10987.5
0.521 10960.1
0.522 10932.8
0.523 10905.6
0.524 10878.5
0.525 10851.5
0.526 10824.6
0.527 10797.8
0.528 10771.1
0.529 10744.4
0.53 10717.9
0.531 10691.4
0.532 10665
0.533 10638.8
0.534 10612.6
0.535 10586.5
0.536 10560.5
0.537 10534.5
0.538 10508.7
0.539 10483
0.54 10457.3
0.541 10431.7
0.542 10406.3
0.543 10380.9
0.544 10355.6
0.545 10330.3
0.546 10305.2
0.547 10280.2
0.548 10255.2
0.549 10230.3
0.55 10205.5
0.551 10180.8
0.552 10156.2
0.553 10131.6
0.554 10107.1
0.555 10082.8
0.556 10058.5
0.557 10034.2
0.558 10010.1
0.559 9986.06
0.56 9962.08
0.561 9938.19
0.562 9914.38
0.563 9890.64
0.564 9866.99
0.565 9843.42
0.566 9819.92
0.567 9796.51
0.568 9773.17
0.569 9749.91
0.57 9726.73
0.571 9703.62
0.572 9680.6
0.573 9657.65
0.574 9634.77
0.575 9611.98
0.576 9589.25
0.577 9566.61
0.578 9544.04
0.579 9521.54
0.58 9499.12
0.581 9476.78
0.582 9454.5
0.583 9432.3
0.584 9410.18
0.585 9388.13
0.586 9366.15
0.587 9344.24
0.588 9322.41
0.589 9300.65
0.59 9278.96
0.591 9257.34
0.592 9235.8
0.593 9214.32
0.594 9192.91
0.595 9171.58
0.596 9150.31
0.597 9129.12
0.598 9107.99
0.599 9086.94
0.6 9065.95
0.601 9045.03
0.602 9024.18
0.603 9003.4
0.604 8982.69
0.605 8962.04
0.606 8941.46
0.607 8920.95
0.608 8900.51
0.609 8880.13
0.61 8859.82
0.611 8839.57
0.612 8819.39
0.613 8799.28
0.614 8779.23
0.615 8759.24
0.616 8739.32
0.617 8719.47
0.618 8699.68
0.619 8679.95
0.62 8660.28
0.621 8640.68
0.622 8621.15
0.623 8601.67
0.624 8582.26
0.625 8562.91
0.626 8543.63
0.627 8524.4
0.628 8505.24
0.629 8486.14
0.63 8467.1
0.631 8448.12
0.632 8429.2
0.633 8410.34
0.634 8391.55
0.635 8372.81
0.636 8354.13
0.637 8335.51
0.638 8316.95
0.639 8298.46
0.64 8280.01
0.641 8261.63
0.642 8243.31
0.643 8225.04
0.644 8206.83
0.645 8188.68
0.646 8170.59
0.647 8152.56
0.648 8134.58
0.649 8116.66
0.65 8098.79
0.651 8080.98
0.652 8063.23
0.653 8045.53
0.654 8027.89
0.655 8010.31
0.656 7992.78
0.657 7975.3
0.658 7957.88
0.659 7940.52
0.66 7923.21
0.661 7905.95
0.662 7888.75
0.663 7871.6
0.664 7854.5
0.665 7837.46
0.666 7820.47
0.667 7803.53
0.668 7786.65
0.669 7769.82
0.67 7753.04
0.671 7736.31
0.672 7719.64
0.673 7703.01
0.674 7686.44
0.675 7669.92
0.676 7653.45
0.677 7637.03
0.678 7620.67
0.679 7604.35
0.68 7588.08
0.681 7571.87
0.682 7555.7
0.683 7539.58
0.684 7523.52
0.685 7507.5
0.686 7491.53
0.687 7475.61
0.688 7459.74
0.689 7443.92
0.69 7428.14
0.691 7412.42
0.692 7396.74
0.693 7381.11
0.694 7365.53
0.695 7349.99
0.696 7334.5
0.697 7319.06
0.698 7303.67
0.699 7288.32
0.7 7273.02
0.701 7257.77
0.702 7242.56
0.703 7227.4
0.704 7212.28
0.705 7197.21
0.706 7182.19
0.707 7167.21
0.708 7152.28
0.709 7137.39
0.71 7122.54
0.711 7107.74
0.712 7092.99
0.713 7078.28
0.714 7063.61
0.715 7048.99
0.716 7034.41
0.717 7019.88
0.718 7005.38
0.719 6990.94
0.72 6976.53
0.721 6962.17
0.722 6947.85
0.723 6933.57
0.724 6919.34
0.725 6905.15
0.726 6891
0.727 6876.89
0.728 6862.83
0.729 6848.8
0.73 6834.82
0.731 6820.88
0.732 6806.98
0.733 6793.12
0.734 6779.3
0.735 6765.52
0.736 6751.79
0.737 6738.09
0.738 6724.44
0.739 6710.82
0.74 6697.25
0.741 6683.71
0.742 6670.22
0.743 6656.76
0.744 6643.34
0.745 6629.97
0.746 6616.63
0.747 6603.33
0.748 6590.07
0.749 6576.84
0.75 6563.66
0.751 6550.52
0.752 6537.41
0.753 6524.34
0.754 6511.31
0.755 6498.32
0.756 6485.36
0.757 6472.45
0.758 6459.57
0.759 6446.72
0.76 6433.92
0.761 6421.15
0.762 6408.42
0.763 6395.72
0.764 6383.06
0.765 6370.44
0.766 6357.86
0.767 6345.31
0.768 6332.79
0.769 6320.32
0.77 6307.88
0.771 6295.47
0.772 6283.1
0.773 6270.76
0.774 6258.46
0.775 6246.2
0.776 6233.97
0.777 6221.78
0.778 6209.62
0.779 6197.49
0.78 6185.4
0.781 6173.34
0.782 6161.32
0.783 6149.33
0.784 6137.38
0.785 6125.46
0.786 6113.57
0.787 6101.72
0.788 6089.9
0.789 6078.11
0.79 6066.36
0.791 6054.64
0.792 6042.96
0.793 6031.3
0.794 6019.68
0.795 6008.09
0.796 5996.54
0.797 5985.02
0.798 5973.53
0.799 5962.07
0.8 5950.64
0.801 5939.25
0.802 5927.88
0.803 5916.55
0.804 5905.25
0.805 5893.99
0.806 5882.75
0.807 5871.55
0.808 5860.37
0.809 5849.23
0.81 5838.12
0.811 5827.04
0.812 5815.99
0.813 5804.97
0.814 5793.98
0.815 5783.02
0.816 5772.09
0.817 5761.19
0.818 5750.32
0.819 5739.49
0.82 5728.68
0.821 5717.9
0.822 5707.15
0.823 5696.43
0.824 5685.74
0.825 5675.08
0.826 5664.45
0.827 5653.85
0.828 5643.28
0.829 5632.73
0.83 5622.22
0.831 5611.73
0.832 5601.27
0.833 5590.84
0.834 5580.44
0.835 5570.07
0.836 5559.73
0.837 5549.41
0.838 5539.12
0.839 5528.86
0.84 5518.63
0.841 5508.42
0.842 5498.25
0.843 5488.1
0.844 5477.98
0.845 5467.88
0.846 5457.81
0.847 5447.77
0.848 5437.76
0.849 5427.77
0.85 5417.81
0.851 5407.88
0.852 5397.98
0.853 5388.1
0.854 5378.24
0.855 5368.42
0.856 5358.62
0.857 5348.84
0.858 5339.09
0.859 5329.37
0.86 5319.68
0.861 5310.01
0.862 5300.36
0.863 5290.74
0.864 5281.15
0.865 5271.58
0.866 5262.04
0.867 5252.53
0.868 5243.04
0.869 5233.57
0.87 5224.13
0.871 5214.71
0.872 5205.32
0.873 5195.95
0.874 5186.61
0.875 5177.3
0.876 5168
0.877 5158.74
0.878 5149.49
0.879 5140.27
0.88 5131.08
0.881 5121.91
0.882 5112.76
0.883 5103.64
0.884 5094.54
0.885 5085.46
0.886 5076.41
0.887 5067.38
0.888 5058.38
0.889 5049.4
0.89 5040.44
0.891 5031.51
0.892 5022.6
0.893 5013.71
0.894 5004.85
0.895 4996.01
0.896 4987.19
0.897 4978.39
0.898 4969.62
0.899 4960.87
0.9 4952.14
0.901 4943.44
0.902 4934.76
0.903 4926.1
0.904 4917.46
0.905 4908.84
0.906 4900.25
0.907 4891.68
0.908 4883.13
0.909 4874.6
0.91 4866.1
0.911 4857.62
0.912 4849.15
0.913 4840.72
0.914 4832.3
0.915 4823.9
0.916 4815.53
0.917 4807.17
0.918 4798.84
0.919 4790.53
0.92 4782.24
0.921 4773.97
0.922 4765.72
0.923 4757.49
0.924 4749.29
0.925 4741.1
0.926 4732.94
0.927 4724.8
0.928 4716.67
0.929 4708.57
0.93 4700.49
0.931 4692.43
0.932 4684.39
0.933 4676.36
0.934 4668.36
0.935 4660.38
0.936 4652.42
0.937 4644.48
0.938 4636.56
0.939 4628.66
0.94 4620.78
0.941 4612.92
0.942 4605.08
0.943 4597.26
0.944 4589.45
0.945 4581.67
0.946 4573.91
0.947 4566.16
0.948 4558.44
0.949 4550.74
0.95 4543.05
0.951 4535.38
0.952 4527.73
0.953 4520.11
0.954 4512.5
0.955 4504.9
0.956 4497.33
0.957 4489.78
0.958 4482.24
0.959 4474.73
0.96 4467.23
0.961 4459.75
0.962 4452.29
0.963 4444.85
0.964 4437.42
0.965 4430.02
0.966 4422.63
0.967 4415.26
0.968 4407.91
0.969 4400.58
0.97 4393.26
0.971 4385.97
0.972 4378.69
0.973 4371.43
0.974 4364.18
0.975 4356.96
0.976 4349.75
0.977 4342.56
0.978 4335.38
0.979 4328.23
0.98 4321.09
0.981 4313.97
0.982 4306.87
0.983 4299.78
0.984 4292.71
0.985 4285.66
0.986 4278.62
0.987 4271.61
0.988 4264.6
0.989 4257.62
0.99 4250.65
0.991 4243.7
0.992 4236.77
0.993 4229.85
0.994 4222.95
0.995 4216.07
0.996 4209.2
0.997 4202.35
0.998 4195.52
0.999 4188.7
# The maximum of Cv occurs at the temperature Tc = 0.151
