#T Cv
0.001 4.20894
0.002 639.823
0.003 2413.26
0.004 4002.82
0.005 5052.01
0.006 5767.42
0.007 6349.09
0.008 6901.57
0.009 7467.15
0.01 8058.57
0.011 8676.55
0.012 9317.76
0.013 9978.02
0.014 10653.4
0.015 11340.8
0.016 12037.5
0.017 12741.6
0.018 13451.4
0.019 14165.8
0.02 14883.7
0.021 15604.6
0.022 16327.8
0.023 17052.8
0.024 17779.3
0.025 18506.9
0.026 19235.6
0.027 19965
0.028 20695
0.029 21425.5
0.03 22156.3
0.031 22887.4
0.032 23618.7
0.033 24350.1
0.034 25081.4
0.035 25812.7
0.036 26543.9
0.037 27274.8
0.038 28005.3
0.039 28735.4
0.04 29465
0.041 30193.8
0.042 30921.8
0.043 31648.9
0.044 32374.9
0.045 33099.5
0.046 33822.7
0.047 34544.2
0.048 35263.9
0.049 35981.4
0.05 36696.7
0.051 37409.4
0.052 38119.4
0.053 38826.3
0.054 39530
0.055 40230.1
0.056 40926.4
0.057 41618.7
0.058 42306.7
0.059 42990.1
0.06 43668.6
0.061 44342.1
0.062 45010.2
0.063 45672.7
0.064 46329.3
0.065 46979.9
0.066 47624.1
0.067 48261.7
0.068 48892.5
0.069 49516.3
0.07 50133
0.071 50742.2
0.072 51343.8
0.073 51937.6
0.074 52523.5
0.075 53101.3
0.076 53670.8
0.077 54231.9
0.078 54784.4
0.079 55328.4
0.08 55863.5
0.081 56389.8
0.082 56907.2
0.083 57415.5
0.084 57914.7
0.085 58404.7
0.086 58885.5
0.087 59357
0.088 59819.2
0.089 60272.1
0.09 60715.6
0.091 61149.7
0.092 61574.5
0.093 61989.8
0.094 62395.8
0.095 62792.5
0.096 63179.8
0.097 63557.8
0.098 63926.6
0.099 64286.1
0.1 64636.4
0.101 64977.6
0.102 65309.7
0.103 65632.8
0.104 65946.9
0.105 66252.2
0.106 66548.6
0.107 66836.2
0.108 67115.2
0.109 67385.6
0.11 67647.5
0.111 67901
0.112 68146.1
0.113 68383
0.114 68611.8
0.115 68832.5
0.116 69045.2
0.117 69250.1
0.118 69447.2
0.119 69636.7
0.12 69818.6
0.121 69993
0.122 70160.1
0.123 70319.9
0.124 70472.6
0.125 70618.3
0.126 70757
0.127 70888.9
0.128 71014.1
0.129 71132.6
0.13 71244.7
0.131 71350.3
0.132 71449.6
0.133 71542.8
0.134 71629.8
0.135 71710.8
0.136 71786
0.137 71855.4
0.138 71919
0.139 71977.2
0.14 72029.8
0.141 72077
0.142 72119
0.143 72155.8
0.144 72187.5
0.145 72214.2
0.146 72236
0.147 72253
0.148 72265.3
0.149 72273
0.15 72276.1
0.151 72274.9
0.152 72269.3
0.153 72259.4
0.154 72245.4
0.155 72227.3
0.156 72205.2
0.157 72179.1
0.158 72149.3
0.159 72115.7
0.16 72078.4
0.161 72037.6
0.162 71993.2
0.163 71945.4
0.164 71894.3
0.165 71839.9
0.166 71782.2
0.167 71721.5
0.168 71657.6
0.169 71590.8
0.17 71521
0.171 71448.4
0.172 71373
0.173 71294.9
0.174 71214.1
0.175 71130.7
0.176 71044.8
0.177 70956.4
0.178 70865.6
0.179 70772.5
0.18 70677.1
0.181 70579.4
0.182 70479.5
0.183 70377.6
0.184 70273.5
0.185 70167.5
0.186 70059.5
0.187 69949.5
0.188 69837.8
0.189 69724.2
0.19 69608.8
0.191 69491.7
0.192 69373
0.193 69252.6
0.194 69130.7
0.195 69007.2
0.196 68882.3
0.197 68755.9
0.198 68628.1
0.199 68499
0.2 68368.5
0.201 68236.7
0.202 68103.7
0.203 67969.5
0.204 67834.2
0.205 67697.7
0.206 67560.1
0.207 67421.4
0.208 67281.8
0.209 67141.1
0.21 66999.5
0.211 66857
0.212 66713.5
0.213 66569.2
0.214 66424.1
0.215 66278.2
0.216 66131.5
0.217 65984.1
0.218 65835.9
0.219 65687.1
0.22 65537.6
0.221 65387.4
0.222 65236.7
0.223 65085.4
0.224 64933.5
0.225 64781.1
0.226 64628.2
0.227 64474.8
0.228 64320.9
0.229 64166.6
0.23 64011.8
0.231 63856.7
0.232 63701.2
0.233 63545.3
0.234 63389.1
0.235 63232.6
0.236 63075.8
0.237 62918.7
0.238 62761.4
0.239 62603.8
0.24 62446
0.241 62287.9
0.242 62129.7
0.243 61971.3
0.244 61812.8
0.245 61654.1
0.246 61495.3
0.247 61336.3
0.248 61177.3
0.249 61018.2
0.25 60859
0.251 60699.7
0.252 60540.5
0.253 60381.1
0.254 60221.8
0.255 60062.5
0.256 59903.1
0.257 59743.8
0.258 59584.6
0.259 59425.3
0.26 59266.1
0.261 59107
0.262 58948
0.263 58789
0.264 58630.2
0.265 58471.4
0.266 58312.8
0.267 58154.3
0.268 57995.9
0.269 57837.6
0.27 57679.5
0.271 57521.6
0.272 57363.8
0.273 57206.3
0.274 57048.8
0.275 56891.6
0.276 56734.6
0.277 56577.8
0.278 56421.2
0.279 56264.8
0.28 56108.7
0.281 55952.7
0.282 55797.1
0.283 55641.6
0.284 55486.4
0.285 55331.5
0.286 55176.8
0.287 55022.4
0.288 54868.3
0.289 54714.5
0.29 54560.9
0.291 54407.6
0.292 54254.6
0.293 54102
0.294 53949.6
0.295 53797.5
0.296 53645.8
0.297 53494.3
0.298 53343.2
0.299 53192.4
0.3 53041.9
0.301 52891.8
0.302 52742
0.303 52592.5
0.304 52443.4
0.305 52294.6
0.306 52146.1
0.307 51998
0.308 51850.3
0.309 51702.9
0.31 51555.9
0.311 51409.3
0.312 51263
0.313 51117
0.314 50971.5
0.315 50826.3
0.316 50681.5
0.317 50537.1
0.318 50393
0.319 50249.3
0.32 50106
0.321 49963.1
0.322 49820.6
0.323 49678.5
0.324 49536.7
0.325 49395.3
0.326 49254.4
0.327 49113.8
0.328 48973.6
0.329 48833.8
0.33 48694.4
0.331 48555.4
0.332 48416.8
0.333 48278.6
0.334 48140.8
0.335 48003.4
0.336 47866.5
0.337 47729.9
0.338 47593.7
0.339 47457.9
0.34 47322.5
0.341 47187.6
0.342 47053
0.343 46918.8
0.344 46785.1
0.345 46651.7
0.346 46518.8
0.347 46386.3
0.348 46254.2
0.349 46122.5
0.35 45991.2
0.351 45860.3
0.352 45729.8
0.353 45599.7
0.354 45470.1
0.355 45340.8
0.356 45212
0.357 45083.5
0.358 44955.5
0.359 44827.9
0.36 44700.7
0.361 44573.9
0.362 44447.5
0.363 44321.5
0.364 44195.9
0.365 44070.8
0.366 43946
0.367 43821.7
0.368 43697.7
0.369 43574.2
0.37 43451
0.371 43328.3
0.372 43206
0.373 43084.1
0.374 42962.6
0.375 42841.4
0.376 42720.7
0.377 42600.4
0.378 42480.5
0.379 42361
0.38 42241.9
0.381 42123.2
0.382 42004.9
0.383 41887
0.384 41769.5
0.385 41652.4
0.386 41535.7
0.387 41419.4
0.388 41303.4
0.389 41187.9
0.39 41072.8
0.391 40958
0.392 40843.7
0.393 40729.7
0.394 40616.1
0.395 40502.9
0.396 40390.1
0.397 40277.7
0.398 40165.7
0.399 40054.1
0.4 39942.8
0.401 39831.9
0.402 39721.4
0.403 39611.3
0.404 39501.6
0.405 39392.3
0.406 39283.3
0.407 39174.7
0.408 39066.5
0.409 38958.6
0.41 38851.2
0.411 38744.1
0.412 38637.4
0.413 38531
0.414 38425
0.415 38319.4
0.416 38214.2
0.417 38109.3
0.418 38004.8
0.419 37900.7
0.42 37796.9
0.421 37693.5
0.422 37590.4
0.423 37487.7
0.424 37385.4
0.425 37283.4
0.426 37181.8
0.427 37080.6
0.428 36979.7
0.429 36879.1
0.43 36778.9
0.431 36679.1
0.432 36579.6
0.433 36480.4
0.434 36381.6
0.435 36283.2
0.436 36185.1
0.437 36087.3
0.438 35989.9
0.439 35892.9
0.44 35796.1
0.441 35699.8
0.442 35603.7
0.443 35508
0.444 35412.6
0.445 35317.6
0.446 35222.9
0.447 35128.5
0.448 35034.5
0.449 34940.8
0.45 34847.4
0.451 34754.4
0.452 34661.7
0.453 34569.3
0.454 34477.2
0.455 34385.5
0.456 34294.1
0.457 34203
0.458 34112.2
0.459 34021.8
0.46 33931.6
0.461 33841.8
0.462 33752.3
0.463 33663.2
0.464 33574.3
0.465 33485.7
0.466 33397.5
0.467 33309.6
0.468 33222
0.469 33134.7
0.47 33047.6
0.471 32961
0.472 32874.6
0.473 32788.5
0.474 32702.7
0.475 32617.2
0.476 32532
0.477 32447.2
0.478 32362.6
0.479 32278.3
0.48 32194.3
0.481 32110.6
0.482 32027.2
0.483 31944.1
0.484 31861.3
0.485 31778.8
0.486 31696.5
0.487 31614.6
0.488 31532.9
0.489 31451.6
0.49 31370.5
0.491 31289.7
0.492 31209.1
0.493 31128.9
0.494 31049
0.495 30969.3
0.496 30889.9
0.497 30810.8
0.498 30731.9
0.499 30653.4
0.5 30575.1
0.501 30497
0.502 30419.3
0.503 30341.8
0.504 30264.6
0.505 30187.7
0.506 30111
0.507 30034.6
0.508 29958.5
0.509 29882.6
0.51 29807
0.511 29731.7
0.512 29656.6
0.513 29581.8
0.514 29507.2
0.515 29432.9
0.516 29358.8
0.517 29285.1
0.518 29211.5
0.519 29138.2
0.52 29065.2
0.521 28992.5
0.522 28919.9
0.523 28847.7
0.524 28775.7
0.525 28703.9
0.526 28632.4
0.527 28561.1
0.528 28490.1
0.529 28419.3
0.53 28348.7
0.531 28278.4
0.532 28208.4
0.533 28138.6
0.534 28069
0.535 27999.7
0.536 27930.6
0.537 27861.7
0.538 27793.1
0.539 27724.7
0.54 27656.5
0.541 27588.6
0.542 27520.9
0.543 27453.5
0.544 27386.3
0.545 27319.3
0.546 27252.5
0.547 27185.9
0.548 27119.6
0.549 27053.5
0.55 26987.7
0.551 26922
0.552 26856.6
0.553 26791.4
0.554 26726.5
0.555 26661.7
0.556 26597.2
0.557 26532.9
0.558 26468.8
0.559 26404.9
0.56 26341.3
0.561 26277.8
0.562 26214.6
0.563 26151.6
0.564 26088.8
0.565 26026.2
0.566 25963.8
0.567 25901.6
0.568 25839.7
0.569 25777.9
0.57 25716.4
0.571 25655
0.572 25593.9
0.573 25533
0.574 25472.2
0.575 25411.7
0.576 25351.4
0.577 25291.3
0.578 25231.4
0.579 25171.7
0.58 25112.1
0.581 25052.8
0.582 24993.7
0.583 24934.8
0.584 24876.1
0.585 24817.5
0.586 24759.2
0.587 24701.1
0.588 24643.1
0.589 24585.4
0.59 24527.8
0.591 24470.4
0.592 24413.2
0.593 24356.3
0.594 24299.4
0.595 24242.8
0.596 24186.4
0.597 24130.2
0.598 24074.1
0.599 24018.2
0.6 23962.5
0.601 23907
0.602 23851.7
0.603 23796.6
0.604 23741.6
0.605 23686.8
0.606 23632.2
0.607 23577.8
0.608 23523.6
0.609 23469.5
0.61 23415.6
0.611 23361.9
0.612 23308.4
0.613 23255
0.614 23201.8
0.615 23148.8
0.616 23095.9
0.617 23043.3
0.618 22990.8
0.619 22938.4
0.62 22886.3
0.621 22834.3
0.622 22782.5
0.623 22730.8
0.624 22679.3
0.625 22628
0.626 22576.8
0.627 22525.9
0.628 22475
0.629 22424.4
0.63 22373.9
0.631 22323.5
0.632 22273.4
0.633 22223.3
0.634 22173.5
0.635 22123.8
0.636 22074.3
0.637 22024.9
0.638 21975.7
0.639 21926.6
0.64 21877.7
0.641 21829
0.642 21780.4
0.643 21731.9
0.644 21683.7
0.645 21635.5
0.646 21587.6
0.647 21539.7
0.648 21492.1
0.649 21444.5
0.65 21397.2
0.651 21350
0.652 21302.9
0.653 21256
0.654 21209.2
0.655 21162.6
0.656 21116.1
0.657 21069.8
0.658 21023.6
0.659 20977.5
0.66 20931.7
0.661 20885.9
0.662 20840.3
0.663 20794.8
0.664 20749.5
0.665 20704.3
0.666 20659.3
0.667 20614.4
0.668 20569.6
0.669 20525
0.67 20480.6
0.671 20436.2
0.672 20392
0.673 20348
0.674 20304
0.675 20260.2
0.676 20216.6
0.677 20173.1
0.678 20129.7
0.679 20086.5
0.68 20043.3
0.681 20000.4
0.682 19957.5
0.683 19914.8
0.684 19872.2
0.685 19829.8
0.686 19787.4
0.687 19745.3
0.688 19703.2
0.689 19661.3
0.69 19619.5
0.691 19577.8
0.692 19536.2
0.693 19494.8
0.694 19453.5
0.695 19412.4
0.696 19371.3
0.697 19330.4
0.698 19289.6
0.699 19249
0.7 19208.4
0.701 19168
0.702 19127.7
0.703 19087.5
0.704 19047.5
0.705 19007.5
0.706 18967.7
0.707 18928.1
0.708 18888.5
0.709 18849
0.71 18809.7
0.711 18770.5
0.712 18731.4
0.713 18692.4
0.714 18653.6
0.715 18614.8
0.716 18576.2
0.717 18537.7
0.718 18499.3
0.719 18461.1
0.72 18422.9
0.721 18384.8
0.722 18346.9
0.723 18309.1
0.724 18271.4
0.725 18233.8
0.726 18196.3
0.727 18158.9
0.728 18121.7
0.729 18084.5
0.73 18047.5
0.731 18010.6
0.732 17973.8
0.733 17937.1
0.734 17900.5
0.735 17864
0.736 17827.6
0.737 17791.3
0.738 17755.1
0.739 17719.1
0.74 17683.1
0.741 17647.3
0.742 17611.5
0.743 17575.9
0.744 17540.4
0.745 17504.9
0.746 17469.6
0.747 17434.4
0.748 17399.3
0.749 17364.3
0.75 17329.3
0.751 17294.5
0.752 17259.8
0.753 17225.2
0.754 17190.7
0.755 17156.3
0.756 17122
0.757 17087.8
0.758 17053.7
0.759 17019.7
0.76 16985.8
0.761 16952
0.762 16918.3
0.763 16884.6
0.764 16851.1
0.765 16817.7
0.766 16784.4
0.767 16751.2
0.768 16718
0.769 16685
0.77 16652
0.771 16619.2
0.772 16586.4
0.773 16553.8
0.774 16521.2
0.775 16488.8
0.776 16456.4
0.777 16424.1
0.778 16391.9
0.779 16359.8
0.78 16327.8
0.781 16295.9
0.782 16264
0.783 16232.3
0.784 16200.7
0.785 16169.1
0.786 16137.6
0.787 16106.3
0.788 16075
0.789 16043.8
0.79 16012.7
0.791 15981.6
0.792 15950.7
0.793 15919.9
0.794 15889.1
0.795 15858.4
0.796 15827.8
0.797 15797.3
0.798 15766.9
0.799 15736.6
0.8 15706.3
0.801 15676.2
0.802 15646.1
0.803 15616.1
0.804 15586.2
0.805 15556.4
0.806 15526.7
0.807 15497
0.808 15467.4
0.809 15437.9
0.81 15408.5
0.811 15379.2
0.812 15350
0.813 15320.8
0.814 15291.7
0.815 15262.7
0.816 15233.8
0.817 15204.9
0.818 15176.2
0.819 15147.5
0.82 15118.9
0.821 15090.4
0.822 15061.9
0.823 15033.6
0.824 15005.3
0.825 14977.1
0.826 14948.9
0.827 14920.9
0.828 14892.9
0.829 14865
0.83 14837.2
0.831 14809.4
0.832 14781.7
0.833 14754.1
0.834 14726.6
0.835 14699.2
0.836 14671.8
0.837 14644.5
0.838 14617.3
0.839 14590.1
0.84 14563.1
0.841 14536.1
0.842 14509.1
0.843 14482.3
0.844 14455.5
0.845 14428.8
0.846 14402.2
0.847 14375.6
0.848 14349.1
0.849 14322.7
0.85 14296.3
0.851 14270
0.852 14243.8
0.853 14217.7
0.854 14191.6
0.855 14165.6
0.856 14139.7
0.857 14113.8
0.858 14088.1
0.859 14062.3
0.86 14036.7
0.861 14011.1
0.862 13985.6
0.863 13960.2
0.864 13934.8
0.865 13909.5
0.866 13884.2
0.867 13859
0.868 13833.9
0.869 13808.9
0.87 13783.9
0.871 13759
0.872 13734.2
0.873 13709.4
0.874 13684.7
0.875 13660
0.876 13635.5
0.877 13610.9
0.878 13586.5
0.879 13562.1
0.88 13537.8
0.881 13513.5
0.882 13489.3
0.883 13465.2
0.884 13441.1
0.885 13417.1
0.886 13393.2
0.887 13369.3
0.888 13345.5
0.889 13321.8
0.89 13298.1
0.891 13274.4
0.892 13250.9
0.893 13227.4
0.894 13203.9
0.895 13180.5
0.896 13157.2
0.897 13134
0.898 13110.7
0.899 13087.6
0.9 13064.5
0.901 13041.5
0.902 13018.5
0.903 12995.6
0.904 12972.8
0.905 12950
0.906 12927.3
0.907 12904.6
0.908 12882
0.909 12859.5
0.91 12837
0.911 12814.5
0.912 12792.2
0.913 12769.8
0.914 12747.6
0.915 12725.4
0.916 12703.2
0.917 12681.1
0.918 12659.1
0.919 12637.1
0.92 12615.2
0.921 12593.3
0.922 12571.5
0.923 12549.8
0.924 12528.1
0.925 12506.4
0.926 12484.9
0.927 12463.3
0.928 12441.8
0.929 12420.4
0.93 12399.1
0.931 12377.7
0.932 12356.5
0.933 12335.3
0.934 12314.1
0.935 12293
0.936 12272
0.937 12251
0.938 12230
0.939 12209.1
0.94 12188.3
0.941 12167.5
0.942 12146.8
0.943 12126.1
0.944 12105.5
0.945 12084.9
0.946 12064.4
0.947 12043.9
0.948 12023.5
0.949 12003.1
0.95 11982.8
0.951 11962.5
0.952 11942.3
0.953 11922.1
0.954 11902
0.955 11881.9
0.956 11861.9
0.957 11842
0.958 11822
0.959 11802.2
0.96 11782.3
0.961 11762.6
0.962 11742.9
0.963 11723.2
0.964 11703.6
0.965 11684
0.966 11664.5
0.967 11645
0.968 11625.5
0.969 11606.2
0.97 11586.8
0.971 11567.5
0.972 11548.3
0.973 11529.1
0.974 11509.9
0.975 11490.8
0.976 11471.8
0.977 11452.8
0.978 11433.8
0.979 11414.9
0.98 11396
0.981 11377.2
0.982 11358.4
0.983 11339.7
0.984 11321
0.985 11302.4
0.986 11283.8
0.987 11265.2
0.988 11246.7
0.989 11228.3
0.99 11209.9
0.991 11191.5
0.992 11173.2
0.993 11154.9
0.994 11136.7
0.995 11118.5
0.996 11100.3
0.997 11082.2
0.998 11064.1
0.999 11046.1
# The maximum of Cv occurs at the temperature Tc = 0.15
