#T Cv
0.001 0.172542
0.002 106.601
0.003 640.723
0.004 1329.67
0.005 1884.29
0.006 2273.17
0.007 2554.14
0.008 2782.08
0.009 2990.76
0.01 3197.37
0.011 3409.42
0.012 3629.43
0.013 3857.61
0.014 4093.22
0.015 4335.23
0.016 4582.58
0.017 4834.32
0.018 5089.63
0.019 5347.84
0.02 5608.4
0.021 5870.85
0.022 6134.83
0.023 6400.04
0.024 6666.24
0.025 6933.23
0.026 7200.84
0.027 7468.95
0.028 7737.44
0.029 8006.23
0.03 8275.23
0.031 8544.39
0.032 8813.64
0.033 9082.95
0.034 9352.27
0.035 9621.58
0.036 9890.83
0.037 10160
0.038 10429.1
0.039 10698
0.04 10966.8
0.041 11235.4
0.042 11503.8
0.043 11772
0.044 12039.9
0.045 12307.5
0.046 12574.8
0.047 12841.8
0.048 13108.4
0.049 13374.6
0.05 13640.3
0.051 13905.5
0.052 14170.1
0.053 14434.2
0.054 14697.6
0.055 14960.3
0.056 15222.2
0.057 15483.4
0.058 15743.6
0.059 16003
0.06 16261.3
0.061 16518.5
0.062 16774.7
0.063 17029.6
0.064 17283.3
0.065 17535.6
0.066 17786.5
0.067 18036
0.068 18283.9
0.069 18530.2
0.07 18774.8
0.071 19017.7
0.072 19258.8
0.073 19498
0.074 19735.2
0.075 19970.5
0.076 20203.7
0.077 20434.7
0.078 20663.6
0.079 20890.2
0.08 21114.5
0.081 21336.5
0.082 21556
0.083 21773.1
0.084 21987.8
0.085 22199.8
0.086 22409.3
0.087 22616.2
0.088 22820.4
0.089 23021.9
0.09 23220.7
0.091 23416.7
0.092 23609.9
0.093 23800.3
0.094 23987.9
0.095 24172.6
0.096 24354.4
0.097 24533.4
0.098 24709.4
0.099 24882.5
0.1 25052.6
0.101 25219.8
0.102 25384.1
0.103 25545.4
0.104 25703.7
0.105 25859.1
0.106 26011.5
0.107 26161
0.108 26307.5
0.109 26451
0.11 26591.6
0.111 26729.2
0.112 26864
0.113 26995.7
0.114 27124.6
0.115 27250.6
0.116 27373.7
0.117 27494
0.118 27611.4
0.119 27725.9
0.12 27837.7
0.121 27946.6
0.122 28052.8
0.123 28156.2
0.124 28256.9
0.125 28354.9
0.126 28450.1
0.127 28542.7
0.128 28632.7
0.129 28720.1
0.13 28804.9
0.131 28887.1
0.132 28966.7
0.133 29043.9
0.134 29118.5
0.135 29190.7
0.136 29260.5
0.137 29327.9
0.138 29392.9
0.139 29455.5
0.14 29515.9
0.141 29573.9
0.142 29629.7
0.143 29683.2
0.144 29734.5
0.145 29783.7
0.146 29830.7
0.147 29875.6
0.148 29918.4
0.149 29959.2
0.15 29997.9
0.151 30034.6
0.152 30069.3
0.153 30102.1
0.154 30133
0.155 30162
0.156 30189.1
0.157 30214.4
0.158 30237.9
0.159 30259.6
0.16 30279.6
0.161 30297.8
0.162 30314.4
0.163 30329.2
0.164 30342.5
0.165 30354.1
0.166 30364.2
0.167 30372.7
0.168 30379.6
0.169 30385.1
0.17 30389
0.171 30391.5
0.172 30392.6
0.173 30392.3
0.174 30390.6
0.175 30387.5
0.176 30383.1
0.177 30377.4
0.178 30370.4
0.179 30362.1
0.18 30352.6
0.181 30341.9
0.182 30330
0.183 30316.9
0.184 30302.6
0.185 30287.3
0.186 30270.8
0.187 30253.2
0.188 30234.6
0.189 30214.9
0.19 30194.2
0.191 30172.5
0.192 30149.9
0.193 30126.2
0.194 30101.6
0.195 30076.1
0.196 30049.7
0.197 30022.4
0.198 29994.2
0.199 29965.1
0.2 29935.2
0.201 29904.5
0.202 29873.1
0.203 29840.8
0.204 29807.7
0.205 29773.9
0.206 29739.4
0.207 29704.1
0.208 29668.2
0.209 29631.6
0.21 29594.2
0.211 29556.3
0.212 29517.7
0.213 29478.4
0.214 29438.6
0.215 29398.1
0.216 29357.1
0.217 29315.5
0.218 29273.3
0.219 29230.6
0.22 29187.3
0.221 29143.6
0.222 29099.3
0.223 29054.5
0.224 29009.3
0.225 28963.6
0.226 28917.4
0.227 28870.8
0.228 28823.7
0.229 28776.3
0.23 28728.4
0.231 28680.1
0.232 28631.4
0.233 28582.3
0.234 28532.9
0.235 28483.1
0.236 28432.9
0.237 28382.4
0.238 28331.6
0.239 28280.5
0.24 28229
0.241 28177.3
0.242 28125.2
0.243 28072.9
0.244 28020.3
0.245 27967.4
0.246 27914.2
0.247 27860.8
0.248 27807.2
0.249 27753.3
0.25 27699.2
0.251 27644.9
0.252 27590.4
0.253 27535.6
0.254 27480.7
0.255 27425.5
0.256 27370.2
0.257 27314.7
0.258 27259.1
0.259 27203.2
0.26 27147.3
0.261 27091.1
0.262 27034.8
0.263 26978.4
0.264 26921.9
0.265 26865.2
0.266 26808.4
0.267 26751.5
0.268 26694.4
0.269 26637.3
0.27 26580.1
0.271 26522.7
0.272 26465.3
0.273 26407.8
0.274 26350.3
0.275 26292.6
0.276 26234.9
0.277 26177.1
0.278 26119.3
0.279 26061.4
0.28 26003.4
0.281 25945.4
0.282 25887.4
0.283 25829.3
0.284 25771.2
0.285 25713.1
0.286 25654.9
0.287 25596.7
0.288 25538.5
0.289 25480.3
0.29 25422.1
0.291 25363.8
0.292 25305.6
0.293 25247.4
0.294 25189.1
0.295 25130.9
0.296 25072.7
0.297 25014.5
0.298 24956.3
0.299 24898.1
0.3 24839.9
0.301 24781.8
0.302 24723.7
0.303 24665.6
0.304 24607.6
0.305 24549.6
0.306 24491.6
0.307 24433.7
0.308 24375.8
0.309 24318
0.31 24260.2
0.311 24202.4
0.312 24144.8
0.313 24087.1
0.314 24029.5
0.315 23972
0.316 23914.6
0.317 23857.2
0.318 23799.9
0.319 23742.6
0.32 23685.4
0.321 23628.3
0.322 23571.2
0.323 23514.3
0.324 23457.4
0.325 23400.6
0.326 23343.8
0.327 23287.2
0.328 23230.6
0.329 23174.1
0.33 23117.7
0.331 23061.4
0.332 23005.1
0.333 22949
0.334 22893
0.335 22837
0.336 22781.2
0.337 22725.4
0.338 22669.7
0.339 22614.2
0.34 22558.7
0.341 22503.3
0.342 22448
0.343 22392.9
0.344 22337.8
0.345 22282.9
0.346 22228
0.347 22173.3
0.348 22118.6
0.349 22064.1
0.35 22009.7
0.351 21955.4
0.352 21901.2
0.353 21847.1
0.354 21793.1
0.355 21739.2
0.356 21685.5
0.357 21631.9
0.358 21578.3
0.359 21524.9
0.36 21471.7
0.361 21418.5
0.362 21365.4
0.363 21312.5
0.364 21259.7
0.365 21207
0.366 21154.4
0.367 21102
0.368 21049.7
0.369 20997.5
0.37 20945.4
0.371 20893.4
0.372 20841.6
0.373 20789.9
0.374 20738.3
0.375 20686.8
0.376 20635.5
0.377 20584.3
0.378 20533.2
0.379 20482.2
0.38 20431.4
0.381 20380.7
0.382 20330.1
0.383 20279.6
0.384 20229.3
0.385 20179.1
0.386 20129
0.387 20079.1
0.388 20029.3
0.389 19979.6
0.39 19930
0.391 19880.6
0.392 19831.3
0.393 19782.1
0.394 19733.1
0.395 19684.1
0.396 19635.4
0.397 19586.7
0.398 19538.2
0.399 19489.8
0.4 19441.5
0.401 19393.4
0.402 19345.4
0.403 19297.5
0.404 19249.8
0.405 19202.1
0.406 19154.7
0.407 19107.3
0.408 19060.1
0.409 19013
0.41 18966
0.411 18919.2
0.412 18872.5
0.413 18825.9
0.414 18779.4
0.415 18733.1
0.416 18686.9
0.417 18640.9
0.418 18595
0.419 18549.2
0.42 18503.5
0.421 18458
0.422 18412.6
0.423 18367.3
0.424 18322.1
0.425 18277.1
0.426 18232.2
0.427 18187.4
0.428 18142.8
0.429 18098.3
0.43 18053.9
0.431 18009.7
0.432 17965.5
0.433 17921.6
0.434 17877.7
0.435 17833.9
0.436 17790.3
0.437 17746.8
0.438 17703.5
0.439 17660.3
0.44 17617.1
0.441 17574.2
0.442 17531.3
0.443 17488.6
0.444 17446
0.445 17403.5
0.446 17361.2
0.447 17318.9
0.448 17276.8
0.449 17234.9
0.45 17193
0.451 17151.3
0.452 17109.7
0.453 17068.2
0.454 17026.8
0.455 16985.6
0.456 16944.5
0.457 16903.5
0.458 16862.7
0.459 16821.9
0.46 16781.3
0.461 16740.8
0.462 16700.4
0.463 16660.2
0.464 16620
0.465 16580
0.466 16540.1
0.467 16500.3
0.468 16460.7
0.469 16421.2
0.47 16381.7
0.471 16342.5
0.472 16303.3
0.473 16264.2
0.474 16225.3
0.475 16186.5
0.476 16147.8
0.477 16109.2
0.478 16070.7
0.479 16032.3
0.48 15994.1
0.481 15956
0.482 15918
0.483 15880.1
0.484 15842.3
0.485 15804.7
0.486 15767.1
0.487 15729.7
0.488 15692.4
0.489 15655.2
0.49 15618.1
0.491 15581.1
0.492 15544.2
0.493 15507.5
0.494 15470.8
0.495 15434.3
0.496 15397.9
0.497 15361.6
0.498 15325.4
0.499 15289.3
0.5 15253.4
0.501 15217.5
0.502 15181.7
0.503 15146.1
0.504 15110.6
0.505 15075.1
0.506 15039.8
0.507 15004.6
0.508 14969.5
0.509 14934.5
0.51 14899.6
0.511 14864.9
0.512 14830.2
0.513 14795.6
0.514 14761.2
0.515 14726.8
0.516 14692.6
0.517 14658.4
0.518 14624.4
0.519 14590.5
0.52 14556.6
0.521 14522.9
0.522 14489.3
0.523 14455.8
0.524 14422.3
0.525 14389
0.526 14355.8
0.527 14322.7
0.528 14289.7
0.529 14256.8
0.53 14224
0.531 14191.3
0.532 14158.7
0.533 14126.2
0.534 14093.8
0.535 14061.4
0.536 14029.2
0.537 13997.1
0.538 13965.1
0.539 13933.2
0.54 13901.4
0.541 13869.7
0.542 13838.1
0.543 13806.5
0.544 13775.1
0.545 13743.8
0.546 13712.5
0.547 13681.4
0.548 13650.4
0.549 13619.4
0.55 13588.5
0.551 13557.8
0.552 13527.1
0.553 13496.5
0.554 13466.1
0.555 13435.7
0.556 13405.4
0.557 13375.2
0.558 13345.1
0.559 13315.1
0.56 13285.1
0.561 13255.3
0.562 13225.6
0.563 13195.9
0.564 13166.3
0.565 13136.9
0.566 13107.5
0.567 13078.2
0.568 13049
0.569 13019.9
0.57 12990.9
0.571 12961.9
0.572 12933.1
0.573 12904.3
0.574 12875.6
0.575 12847
0.576 12818.5
0.577 12790.1
0.578 12761.8
0.579 12733.6
0.58 12705.4
0.581 12677.3
0.582 12649.4
0.583 12621.5
0.584 12593.6
0.585 12565.9
0.586 12538.3
0.587 12510.7
0.588 12483.2
0.589 12455.8
0.59 12428.5
0.591 12401.3
0.592 12374.1
0.593 12347
0.594 12320.1
0.595 12293.1
0.596 12266.3
0.597 12239.6
0.598 12212.9
0.599 12186.3
0.6 12159.8
0.601 12133.4
0.602 12107.1
0.603 12080.8
0.604 12054.6
0.605 12028.5
0.606 12002.5
0.607 11976.5
0.608 11950.6
0.609 11924.8
0.61 11899.1
0.611 11873.5
0.612 11847.9
0.613 11822.4
0.614 11797
0.615 11771.7
0.616 11746.4
0.617 11721.2
0.618 11696.1
0.619 11671.1
0.62 11646.1
0.621 11621.2
0.622 11596.4
0.623 11571.7
0.624 11547
0.625 11522.4
0.626 11497.9
0.627 11473.5
0.628 11449.1
0.629 11424.8
0.63 11400.6
0.631 11376.4
0.632 11352.3
0.633 11328.3
0.634 11304.4
0.635 11280.5
0.636 11256.7
0.637 11233
0.638 11209.3
0.639 11185.7
0.64 11162.2
0.641 11138.7
0.642 11115.3
0.643 11092
0.644 11068.8
0.645 11045.6
0.646 11022.5
0.647 10999.5
0.648 10976.5
0.649 10953.6
0.65 10930.7
0.651 10908
0.652 10885.3
0.653 10862.6
0.654 10840
0.655 10817.5
0.656 10795.1
0.657 10772.7
0.658 10750.4
0.659 10728.2
0.66 10706
0.661 10683.9
0.662 10661.8
0.663 10639.8
0.664 10617.9
0.665 10596
0.666 10574.2
0.667 10552.5
0.668 10530.8
0.669 10509.2
0.67 10487.7
0.671 10466.2
0.672 10444.8
0.673 10423.4
0.674 10402.1
0.675 10380.9
0.676 10359.7
0.677 10338.6
0.678 10317.6
0.679 10296.6
0.68 10275.6
0.681 10254.8
0.682 10234
0.683 10213.2
0.684 10192.5
0.685 10171.9
0.686 10151.3
0.687 10130.8
0.688 10110.4
0.689 10090
0.69 10069.6
0.691 10049.3
0.692 10029.1
0.693 10009
0.694 9988.86
0.695 9968.81
0.696 9948.82
0.697 9928.89
0.698 9909.01
0.699 9889.19
0.7 9869.42
0.701 9849.72
0.702 9830.06
0.703 9810.47
0.704 9790.93
0.705 9771.44
0.706 9752.01
0.707 9732.64
0.708 9713.32
0.709 9694.05
0.71 9674.84
0.711 9655.69
0.712 9636.58
0.713 9617.54
0.714 9598.54
0.715 9579.6
0.716 9560.71
0.717 9541.88
0.718 9523.09
0.719 9504.36
0.72 9485.69
0.721 9467.06
0.722 9448.49
0.723 9429.97
0.724 9411.5
0.725 9393.09
0.726 9374.72
0.727 9356.41
0.728 9338.15
0.729 9319.94
0.73 9301.78
0.731 9283.67
0.732 9265.61
0.733 9247.6
0.734 9229.64
0.735 9211.73
0.736 9193.87
0.737 9176.06
0.738 9158.3
0.739 9140.59
0.74 9122.93
0.741 9105.31
0.742 9087.75
0.743 9070.23
0.744 9052.76
0.745 9035.34
0.746 9017.97
0.747 9000.65
0.748 8983.37
0.749 8966.15
0.75 8948.97
0.751 8931.83
0.752 8914.75
0.753 8897.71
0.754 8880.71
0.755 8863.77
0.756 8846.87
0.757 8830.02
0.758 8813.21
0.759 8796.45
0.76 8779.73
0.761 8763.06
0.762 8746.44
0.763 8729.86
0.764 8713.33
0.765 8696.84
0.766 8680.39
0.767 8664
0.768 8647.64
0.769 8631.33
0.77 8615.07
0.771 8598.84
0.772 8582.67
0.773 8566.53
0.774 8550.44
0.775 8534.4
0.776 8518.39
0.777 8502.43
0.778 8486.52
0.779 8470.64
0.78 8454.81
0.781 8439.02
0.782 8423.28
0.783 8407.57
0.784 8391.91
0.785 8376.29
0.786 8360.71
0.787 8345.18
0.788 8329.68
0.789 8314.23
0.79 8298.82
0.791 8283.45
0.792 8268.12
0.793 8252.83
0.794 8237.59
0.795 8222.38
0.796 8207.22
0.797 8192.09
0.798 8177
0.799 8161.96
0.8 8146.95
0.801 8131.99
0.802 8117.06
0.803 8102.18
0.804 8087.33
0.805 8072.52
0.806 8057.76
0.807 8043.03
0.808 8028.34
0.809 8013.69
0.81 7999.08
0.811 7984.5
0.812 7969.97
0.813 7955.47
0.814 7941.01
0.815 7926.59
0.816 7912.21
0.817 7897.86
0.818 7883.55
0.819 7869.28
0.82 7855.05
0.821 7840.86
0.822 7826.7
0.823 7812.58
0.824 7798.49
0.825 7784.44
0.826 7770.43
0.827 7756.46
0.828 7742.52
0.829 7728.62
0.83 7714.75
0.831 7700.93
0.832 7687.13
0.833 7673.37
0.834 7659.65
0.835 7645.97
0.836 7632.32
0.837 7618.7
0.838 7605.12
0.839 7591.58
0.84 7578.07
0.841 7564.59
0.842 7551.15
0.843 7537.74
0.844 7524.37
0.845 7511.04
0.846 7497.73
0.847 7484.47
0.848 7471.23
0.849 7458.03
0.85 7444.87
0.851 7431.73
0.852 7418.63
0.853 7405.57
0.854 7392.54
0.855 7379.54
0.856 7366.57
0.857 7353.64
0.858 7340.74
0.859 7327.88
0.86 7315.04
0.861 7302.24
0.862 7289.47
0.863 7276.74
0.864 7264.04
0.865 7251.36
0.866 7238.73
0.867 7226.12
0.868 7213.54
0.869 7201
0.87 7188.49
0.871 7176.01
0.872 7163.56
0.873 7151.14
0.874 7138.76
0.875 7126.4
0.876 7114.08
0.877 7101.79
0.878 7089.53
0.879 7077.3
0.88 7065.1
0.881 7052.93
0.882 7040.79
0.883 7028.68
0.884 7016.61
0.885 7004.56
0.886 6992.54
0.887 6980.55
0.888 6968.6
0.889 6956.67
0.89 6944.77
0.891 6932.9
0.892 6921.07
0.893 6909.26
0.894 6897.48
0.895 6885.73
0.896 6874.01
0.897 6862.31
0.898 6850.65
0.899 6839.02
0.9 6827.41
0.901 6815.83
0.902 6804.29
0.903 6792.77
0.904 6781.28
0.905 6769.81
0.906 6758.38
0.907 6746.97
0.908 6735.6
0.909 6724.25
0.91 6712.92
0.911 6701.63
0.912 6690.36
0.913 6679.13
0.914 6667.91
0.915 6656.73
0.916 6645.57
0.917 6634.44
0.918 6623.34
0.919 6612.27
0.92 6601.22
0.921 6590.2
0.922 6579.21
0.923 6568.24
0.924 6557.3
0.925 6546.39
0.926 6535.5
0.927 6524.64
0.928 6513.8
0.929 6503
0.93 6492.21
0.931 6481.46
0.932 6470.73
0.933 6460.03
0.934 6449.35
0.935 6438.7
0.936 6428.07
0.937 6417.47
0.938 6406.89
0.939 6396.35
0.94 6385.82
0.941 6375.32
0.942 6364.85
0.943 6354.4
0.944 6343.98
0.945 6333.58
0.946 6323.21
0.947 6312.86
0.948 6302.53
0.949 6292.24
0.95 6281.96
0.951 6271.71
0.952 6261.49
0.953 6251.29
0.954 6241.11
0.955 6230.96
0.956 6220.83
0.957 6210.73
0.958 6200.65
0.959 6190.59
0.96 6180.56
0.961 6170.55
0.962 6160.57
0.963 6150.61
0.964 6140.67
0.965 6130.75
0.966 6120.86
0.967 6111
0.968 6101.15
0.969 6091.33
0.97 6081.54
0.971 6071.76
0.972 6062.01
0.973 6052.28
0.974 6042.58
0.975 6032.9
0.976 6023.24
0.977 6013.6
0.978 6003.99
0.979 5994.39
0.98 5984.82
0.981 5975.28
0.982 5965.75
0.983 5956.25
0.984 5946.77
0.985 5937.31
0.986 5927.88
0.987 5918.46
0.988 5909.07
0.989 5899.7
0.99 5890.35
0.991 5881.03
0.992 5871.72
0.993 5862.44
0.994 5853.18
0.995 5843.94
0.996 5834.72
0.997 5825.52
0.998 5816.34
0.999 5807.19
# The maximum of Cv occurs at the temperature Tc = 0.173
