#Parameters : J0 = J1 = 1; J2 = -0.5; number of sweeps for a given H = 200
#external_field_H magnetization
5 128
4.99 128
4.98 128
4.97 128
4.96 128
4.95 128
4.94 128
4.93 128
4.92 128
4.91 128
4.9 128
4.89 128
4.88 128
4.87 128
4.86 128
4.85 128
4.84 128
4.83 128
4.82 128
4.81 128
4.8 128
4.79 128
4.78 128
4.77 128
4.76 128
4.75 128
4.74 128
4.73 128
4.72 128
4.71 128
4.7 128
4.69 128
4.68 128
4.67 128
4.66 128
4.65 128
4.64 128
4.63 128
4.62 128
4.61 128
4.6 128
4.59 128
4.58 128
4.57 128
4.56 128
4.55 128
4.54 128
4.53 128
4.52 128
4.51 128
4.5 128
4.49 128
4.48 128
4.47 128
4.46 128
4.45 128
4.44 128
4.43 128
4.42 128
4.41 128
4.4 128
4.39 128
4.38 128
4.37 128
4.36 128
4.35 128
4.34 128
4.33 128
4.32 128
4.31 128
4.3 128
4.29 128
4.28 128
4.27 128
4.26 128
4.25 128
4.24 128
4.23 128
4.22 128
4.21 128
4.2 128
4.19 128
4.18 128
4.17 128
4.16 128
4.15 128
4.14 128
4.13 128
4.12 128
4.11 128
4.1 128
4.09 128
4.08 128
4.07 128
4.06 128
4.05 128
4.04 128
4.03 128
4.02 128
4.01 128
4 128
3.99 128
3.98 128
3.97 128
3.96 128
3.95 128
3.94 128
3.93 128
3.92 128
3.91 128
3.9 128
3.89 128
3.88 128
3.87 128
3.86 128
3.85 128
3.84 128
3.83 128
3.82 128
3.81 128
3.8 128
3.79 128
3.78 128
3.77 128
3.76 128
3.75 128
3.74 128
3.73 128
3.72 128
3.71 128
3.7 128
3.69 128
3.68 128
3.67 128
3.66 128
3.65 128
3.64 128
3.63 128
3.62 128
3.61 128
3.6 128
3.59 128
3.58 128
3.57 128
3.56 128
3.55 128
3.54 128
3.53 128
3.52 128
3.51 128
3.5 128
3.49 128
3.48 128
3.47 128
3.46 128
3.45 128
3.44 128
3.43 128
3.42 128
3.41 128
3.4 128
3.39 128
3.38 128
3.37 128
3.36 128
3.35 128
3.34 128
3.33 128
3.32 128
3.31 128
3.3 128
3.29 128
3.28 128
3.27 128
3.26 128
3.25 128
3.24 128
3.23 128
3.22 128
3.21 128
3.2 128
3.19 128
3.18 128
3.17 128
3.16 128
3.15 128
3.14 128
3.13 128
3.12 128
3.11 128
3.1 128
3.09 128
3.08 128
3.07 128
3.06 128
3.05 128
3.04 128
3.03 128
3.02 128
3.01 128
3 128
2.99 128
2.98 128
2.97 128
2.96 128
2.95 128
2.94 128
2.93 128
2.92 128
2.91 128
2.9 128
2.89 128
2.88 128
2.87 128
2.86 128
2.85 128
2.84 128
2.83 128
2.82 128
2.81 128
2.8 128
2.79 128
2.78 128
2.77 128
2.76 128
2.75 128
2.74 128
2.73 128
2.72 128
2.71 128
2.7 128
2.69 128
2.68 128
2.67 128
2.66 128
2.65 128
2.64 128
2.63 128
2.62 128
2.61 128
2.6 128
2.59 128
2.58 128
2.57 128
2.56 128
2.55 128
2.54 128
2.53 128
2.52 128
2.51 128
2.5 128
2.49 128
2.48 128
2.47 128
2.46 128
2.45 128
2.44 128
2.43 128
2.42 128
2.41 128
2.4 128
2.39 128
2.38 128
2.37 128
2.36 128
2.35 128
2.34 128
2.33 128
2.32 128
2.31 128
2.3 128
2.29 128
2.28 128
2.27 128
2.26 128
2.25 128
2.24 128
2.23 128
2.22 128
2.21 128
2.2 128
2.19 128
2.18 128
2.17 128
2.16 128
2.15 128
2.14 128
2.13 128
2.12 128
2.11 128
2.1 128
2.09 128
2.08 128
2.07 128
2.06 128
2.05 128
2.04 128
2.03 128
2.02 128
2.01 128
2 128
1.99 128
1.98 128
1.97 128
1.96 128
1.95 128
1.94 128
1.93 128
1.92 128
1.91 128
1.9 128
1.89 128
1.88 128
1.87 128
1.86 128
1.85 128
1.84 128
1.83 128
1.82 128
1.81 128
1.8 128
1.79 128
1.78 128
1.77 128
1.76 128
1.75 128
1.74 128
1.73 128
1.72 128
1.71 128
1.7 128
1.69 128
1.68 128
1.67 128
1.66 128
1.65 128
1.64 128
1.63 128
1.62 128
1.61 128
1.6 128
1.59 128
1.58 128
1.57 128
1.56 128
1.55 128
1.54 128
1.53 128
1.52 128
1.51 128
1.5 128
1.49 128
1.48 128
1.47 128
1.46 128
1.45 128
1.44 128
1.43 128
1.42 128
1.41 128
1.4 128
1.39 128
1.38 128
1.37 128
1.36 128
1.35 128
1.34 128
1.33 128
1.32 128
1.31 128
1.3 128
1.29 128
1.28 128
1.27 128
1.26 128
1.25 128
1.24 128
1.23 128
1.22 128
1.21 128
1.2 128
1.19 128
1.18 128
1.17 128
1.16 128
1.15 128
1.14 128
1.13 128
1.12 128
1.11 128
1.1 128
1.09 128
1.08 128
1.07 128
1.06 128
1.05 128
1.04 128
1.03 128
1.02 128
1.01 128
1 128
0.99 128
0.98 128
0.97 128
0.96 128
0.95 128
0.94 128
0.93 128
0.92 128
0.91 128
0.9 128
0.89 128
0.88 128
0.87 128
0.86 128
0.85 128
0.84 128
0.83 128
0.82 128
0.81 128
0.8 128
0.79 128
0.78 128
0.77 128
0.76 128
0.75 128
0.74 128
0.73 128
0.72 128
0.71 128
0.7 128
0.69 128
0.68 128
0.67 128
0.66 128
0.65 128
0.64 128
0.63 128
0.62 128
0.61 128
0.6 128
0.59 128
0.58 128
0.57 128
0.56 128
0.55 128
0.54 128
0.53 128
0.52 128
0.51 128
0.5 128
0.49 128
0.48 128
0.47 128
0.46 128
0.45 128
0.44 128
0.43 128
0.42 128
0.41 128
0.4 128
0.39 128
0.38 128
0.37 128
0.36 128
0.35 128
0.34 128
0.33 128
0.32 128
0.31 128
0.3 128
0.29 128
0.28 128
0.27 128
0.26 128
0.25 128
0.24 128
0.23 128
0.22 128
0.21 128
0.2 128
0.19 128
0.18 128
0.17 128
0.16 128
0.15 128
0.14 128
0.13 128
0.12 128
0.11 128
0.1 128
0.09 128
0.08 128
0.07 128
0.06 128
0.05 128
0.04 128
0.03 128
0.02 128
0.01 128
6.23078e-014 128
-0.01 128
-0.02 128
-0.03 128
-0.04 128
-0.05 128
-0.06 128
-0.07 128
-0.08 128
-0.09 128
-0.1 128
-0.11 128
-0.12 128
-0.13 128
-0.14 128
-0.15 128
-0.16 128
-0.17 128
-0.18 128
-0.19 128
-0.2 128
-0.21 128
-0.22 128
-0.23 128
-0.24 128
-0.25 128
-0.26 128
-0.27 128
-0.28 128
-0.29 128
-0.3 128
-0.31 128
-0.32 128
-0.33 128
-0.34 128
-0.35 128
-0.36 128
-0.37 128
-0.38 128
-0.39 128
-0.4 128
-0.41 128
-0.42 128
-0.43 128
-0.44 128
-0.45 128
-0.46 128
-0.47 128
-0.48 128
-0.49 128
-0.5 128
-0.51 128
-0.52 128
-0.53 128
-0.54 128
-0.55 128
-0.56 128
-0.57 128
-0.58 128
-0.59 128
-0.6 128
-0.61 128
-0.62 128
-0.63 128
-0.64 128
-0.65 128
-0.66 128
-0.67 128
-0.68 128
-0.69 128
-0.7 128
-0.71 128
-0.72 128
-0.73 128
-0.74 128
-0.75 128
-0.76 128
-0.77 128
-0.78 128
-0.79 128
-0.8 127.98
-0.81 128
-0.82 127.98
-0.83 127.54
-0.84 127.9
-0.85 128
-0.86 128
-0.87 127.92
-0.88 128
-0.89 128
-0.9 127.9
-0.91 128
-0.92 128
-0.93 127.88
-0.94 128
-0.95 127.98
-0.96 127.94
-0.97 128
-0.98 77.04
-0.99 -64
-1 -64
-1.01 -64
-1.02 -64
-1.03 -64
-1.04 -64
-1.05 -64
-1.06 -64
-1.07 -64
-1.08 -64
-1.09 -64
-1.1 -64
-1.11 -64
-1.12 -63.98
-1.13 -64
-1.14 -63.96
-1.15 -64
-1.16 -64
-1.17 -64.04
-1.18 -64
-1.19 -64
-1.2 -64.04
-1.21 -64
-1.22 -64.24
-1.23 -64
-1.24 -64
-1.25 -64
-1.26 -64
-1.27 -64
-1.28 -64
-1.29 -64
-1.3 -64
-1.31 -64
-1.32 -100.94
-1.33 -128
-1.34 -128
-1.35 -128
-1.36 -128
-1.37 -128
-1.38 -128
-1.39 -128
-1.4 -128
-1.41 -128
-1.42 -128
-1.43 -128
-1.44 -128
-1.45 -128
-1.46 -128
-1.47 -128
-1.48 -128
-1.49 -128
-1.5 -128
-1.51 -128
-1.52 -128
-1.53 -128
-1.54 -128
-1.55 -128
-1.56 -128
-1.57 -128
-1.58 -128
-1.59 -128
-1.6 -128
-1.61 -128
-1.62 -128
-1.63 -128
-1.64 -128
-1.65 -128
-1.66 -128
-1.67 -128
-1.68 -128
-1.69 -128
-1.7 -128
-1.71 -128
-1.72 -128
-1.73 -128
-1.74 -128
-1.75 -128
-1.76 -128
-1.77 -128
-1.78 -128
-1.79 -128
-1.8 -128
-1.81 -128
-1.82 -128
-1.83 -128
-1.84 -128
-1.85 -128
-1.86 -128
-1.87 -128
-1.88 -128
-1.89 -128
-1.9 -128
-1.91 -128
-1.92 -128
-1.93 -128
-1.94 -128
-1.95 -128
-1.96 -128
-1.97 -128
-1.98 -128
-1.99 -128
-2 -128
-2.01 -128
-2.02 -128
-2.03 -128
-2.04 -128
-2.05 -128
-2.06 -128
-2.07 -128
-2.08 -128
-2.09 -128
-2.1 -128
-2.11 -128
-2.12 -128
-2.13 -128
-2.14 -128
-2.15 -128
-2.16 -128
-2.17 -128
-2.18 -128
-2.19 -128
-2.2 -128
-2.21 -128
-2.22 -128
-2.23 -128
-2.24 -128
-2.25 -128
-2.26 -128
-2.27 -128
-2.28 -128
-2.29 -128
-2.3 -128
-2.31 -128
-2.32 -128
-2.33 -128
-2.34 -128
-2.35 -128
-2.36 -128
-2.37 -128
-2.38 -128
-2.39 -128
-2.4 -128
-2.41 -128
-2.42 -128
-2.43 -128
-2.44 -128
-2.45 -128
-2.46 -128
-2.47 -128
-2.48 -128
-2.49 -128
-2.5 -128
-2.51 -128
-2.52 -128
-2.53 -128
-2.54 -128
-2.55 -128
-2.56 -128
-2.57 -128
-2.58 -128
-2.59 -128
-2.6 -128
-2.61 -128
-2.62 -128
-2.63 -128
-2.64 -128
-2.65 -128
-2.66 -128
-2.67 -128
-2.68 -128
-2.69 -128
-2.7 -128
-2.71 -128
-2.72 -128
-2.73 -128
-2.74 -128
-2.75 -128
-2.76 -128
-2.77 -128
-2.78 -128
-2.79 -128
-2.8 -128
-2.81 -128
-2.82 -128
-2.83 -128
-2.84 -128
-2.85 -128
-2.86 -128
-2.87 -128
-2.88 -128
-2.89 -128
-2.9 -128
-2.91 -128
-2.92 -128
-2.93 -128
-2.94 -128
-2.95 -128
-2.96 -128
-2.97 -128
-2.98 -128
-2.99 -128
-3 -128
-3.01 -128
-3.02 -128
-3.03 -128
-3.04 -128
-3.05 -128
-3.06 -128
-3.07 -128
-3.08 -128
-3.09 -128
-3.1 -128
-3.11 -128
-3.12 -128
-3.13 -128
-3.14 -128
-3.15 -128
-3.16 -128
-3.17 -128
-3.18 -128
-3.19 -128
-3.2 -128
-3.21 -128
-3.22 -128
-3.23 -128
-3.24 -128
-3.25 -128
-3.26 -128
-3.27 -128
-3.28 -128
-3.29 -128
-3.3 -128
-3.31 -128
-3.32 -128
-3.33 -128
-3.34 -128
-3.35 -128
-3.36 -128
-3.37 -128
-3.38 -128
-3.39 -128
-3.4 -128
-3.41 -128
-3.42 -128
-3.43 -128
-3.44 -128
-3.45 -128
-3.46 -128
-3.47 -128
-3.48 -128
-3.49 -128
-3.5 -128
-3.51 -128
-3.52 -128
-3.53 -128
-3.54 -128
-3.55 -128
-3.56 -128
-3.57 -128
-3.58 -128
-3.59 -128
-3.6 -128
-3.61 -128
-3.62 -128
-3.63 -128
-3.64 -128
-3.65 -128
-3.66 -128
-3.67 -128
-3.68 -128
-3.69 -128
-3.7 -128
-3.71 -128
-3.72 -128
-3.73 -128
-3.74 -128
-3.75 -128
-3.76 -128
-3.77 -128
-3.78 -128
-3.79 -128
-3.8 -128
-3.81 -128
-3.82 -128
-3.83 -128
-3.84 -128
-3.85 -128
-3.86 -128
-3.87 -128
-3.88 -128
-3.89 -128
-3.9 -128
-3.91 -128
-3.92 -128
-3.93 -128
-3.94 -128
-3.95 -128
-3.96 -128
-3.97 -128
-3.98 -128
-3.99 -128
-4 -128
-4.01 -128
-4.02 -128
-4.03 -128
-4.04 -128
-4.05 -128
-4.06 -128
-4.07 -128
-4.08 -128
-4.09 -128
-4.1 -128
-4.11 -128
-4.12 -128
-4.13 -128
-4.14 -128
-4.15 -128
-4.16 -128
-4.17 -128
-4.18 -128
-4.19 -128
-4.2 -128
-4.21 -128
-4.22 -128
-4.23 -128
-4.24 -128
-4.25 -128
-4.26 -128
-4.27 -128
-4.28 -128
-4.29 -128
-4.3 -128
-4.31 -128
-4.32 -128
-4.33 -128
-4.34 -128
-4.35 -128
-4.36 -128
-4.37 -128
-4.38 -128
-4.39 -128
-4.4 -128
-4.41 -128
-4.42 -128
-4.43 -128
-4.44 -128
-4.45 -128
-4.46 -128
-4.47 -128
-4.48 -128
-4.49 -128
-4.5 -128
-4.51 -128
-4.52 -128
-4.53 -128
-4.54 -128
-4.55 -128
-4.56 -128
-4.57 -128
-4.58 -128
-4.59 -128
-4.6 -128
-4.61 -128
-4.62 -128
-4.63 -128
-4.64 -128
-4.65 -128
-4.66 -128
-4.67 -128
-4.68 -128
-4.69 -128
-4.7 -128
-4.71 -128
-4.72 -128
-4.73 -128
-4.74 -128
-4.75 -128
-4.76 -128
-4.77 -128
-4.78 -128
-4.79 -128
-4.8 -128
-4.81 -128
-4.82 -128
-4.83 -128
-4.84 -128
-4.85 -128
-4.86 -128
-4.87 -128
-4.88 -128
-4.89 -128
-4.9 -128
-4.91 -128
-4.92 -128
-4.93 -128
-4.94 -128
-4.95 -128
-4.96 -128
-4.97 -128
-4.98 -128
-4.99 -128
-5 -128
-5 -128
-4.99 -128
-4.98 -128
-4.97 -128
-4.96 -128
-4.95 -128
-4.94 -128
-4.93 -128
-4.92 -128
-4.91 -128
-4.9 -128
-4.89 -128
-4.88 -128
-4.87 -128
-4.86 -128
-4.85 -128
-4.84 -128
-4.83 -128
-4.82 -128
-4.81 -128
-4.8 -128
-4.79 -128
-4.78 -128
-4.77 -128
-4.76 -128
-4.75 -128
-4.74 -128
-4.73 -128
-4.72 -128
-4.71 -128
-4.7 -128
-4.69 -128
-4.68 -128
-4.67 -128
-4.66 -128
-4.65 -128
-4.64 -128
-4.63 -128
-4.62 -128
-4.61 -128
-4.6 -128
-4.59 -128
-4.58 -128
-4.57 -128
-4.56 -128
-4.55 -128
-4.54 -128
-4.53 -128
-4.52 -128
-4.51 -128
-4.5 -128
-4.49 -128
-4.48 -128
-4.47 -128
-4.46 -128
-4.45 -128
-4.44 -128
-4.43 -128
-4.42 -128
-4.41 -128
-4.4 -128
-4.39 -128
-4.38 -128
-4.37 -128
-4.36 -128
-4.35 -128
-4.34 -128
-4.33 -128
-4.32 -128
-4.31 -128
-4.3 -128
-4.29 -128
-4.28 -128
-4.27 -128
-4.26 -128
-4.25 -128
-4.24 -128
-4.23 -128
-4.22 -128
-4.21 -128
-4.2 -128
-4.19 -128
-4.18 -128
-4.17 -128
-4.16 -128
-4.15 -128
-4.14 -128
-4.13 -128
-4.12 -128
-4.11 -128
-4.1 -128
-4.09 -128
-4.08 -128
-4.07 -128
-4.06 -128
-4.05 -128
-4.04 -128
-4.03 -128
-4.02 -128
-4.01 -128
-4 -128
-3.99 -128
-3.98 -128
-3.97 -128
-3.96 -128
-3.95 -128
-3.94 -128
-3.93 -128
-3.92 -128
-3.91 -128
-3.9 -128
-3.89 -128
-3.88 -128
-3.87 -128
-3.86 -128
-3.85 -128
-3.84 -128
-3.83 -128
-3.82 -128
-3.81 -128
-3.8 -128
-3.79 -128
-3.78 -128
-3.77 -128
-3.76 -128
-3.75 -128
-3.74 -128
-3.73 -128
-3.72 -128
-3.71 -128
-3.7 -128
-3.69 -128
-3.68 -128
-3.67 -128
-3.66 -128
-3.65 -128
-3.64 -128
-3.63 -128
-3.62 -128
-3.61 -128
-3.6 -128
-3.59 -128
-3.58 -128
-3.57 -128
-3.56 -128
-3.55 -128
-3.54 -128
-3.53 -128
-3.52 -128
-3.51 -128
-3.5 -128
-3.49 -128
-3.48 -128
-3.47 -128
-3.46 -128
-3.45 -128
-3.44 -128
-3.43 -128
-3.42 -128
-3.41 -128
-3.4 -128
-3.39 -128
-3.38 -128
-3.37 -128
-3.36 -128
-3.35 -128
-3.34 -128
-3.33 -128
-3.32 -128
-3.31 -128
-3.3 -128
-3.29 -128
-3.28 -128
-3.27 -128
-3.26 -128
-3.25 -128
-3.24 -128
-3.23 -128
-3.22 -128
-3.21 -128
-3.2 -128
-3.19 -128
-3.18 -128
-3.17 -128
-3.16 -128
-3.15 -128
-3.14 -128
-3.13 -128
-3.12 -128
-3.11 -128
-3.1 -128
-3.09 -128
-3.08 -128
-3.07 -128
-3.06 -128
-3.05 -128
-3.04 -128
-3.03 -128
-3.02 -128
-3.01 -128
-3 -128
-2.99 -128
-2.98 -128
-2.97 -128
-2.96 -128
-2.95 -128
-2.94 -128
-2.93 -128
-2.92 -128
-2.91 -128
-2.9 -128
-2.89 -128
-2.88 -128
-2.87 -128
-2.86 -128
-2.85 -128
-2.84 -128
-2.83 -128
-2.82 -128
-2.81 -128
-2.8 -128
-2.79 -128
-2.78 -128
-2.77 -128
-2.76 -128
-2.75 -128
-2.74 -128
-2.73 -128
-2.72 -128
-2.71 -128
-2.7 -128
-2.69 -128
-2.68 -128
-2.67 -128
-2.66 -128
-2.65 -128
-2.64 -128
-2.63 -128
-2.62 -128
-2.61 -128
-2.6 -128
-2.59 -128
-2.58 -128
-2.57 -128
-2.56 -128
-2.55 -128
-2.54 -128
-2.53 -128
-2.52 -128
-2.51 -128
-2.5 -128
-2.49 -128
-2.48 -128
-2.47 -128
-2.46 -128
-2.45 -128
-2.44 -128
-2.43 -128
-2.42 -128
-2.41 -128
-2.4 -128
-2.39 -128
-2.38 -128
-2.37 -128
-2.36 -128
-2.35 -128
-2.34 -128
-2.33 -128
-2.32 -128
-2.31 -128
-2.3 -128
-2.29 -128
-2.28 -128
-2.27 -128
-2.26 -128
-2.25 -128
-2.24 -128
-2.23 -128
-2.22 -128
-2.21 -128
-2.2 -128
-2.19 -128
-2.18 -128
-2.17 -128
-2.16 -128
-2.15 -128
-2.14 -128
-2.13 -128
-2.12 -128
-2.11 -128
-2.1 -128
-2.09 -128
-2.08 -128
-2.07 -128
-2.06 -128
-2.05 -128
-2.04 -128
-2.03 -128
-2.02 -128
-2.01 -128
-2 -128
-1.99 -128
-1.98 -128
-1.97 -128
-1.96 -128
-1.95 -128
-1.94 -128
-1.93 -128
-1.92 -128
-1.91 -128
-1.9 -128
-1.89 -128
-1.88 -128
-1.87 -128
-1.86 -128
-1.85 -128
-1.84 -128
-1.83 -128
-1.82 -128
-1.81 -128
-1.8 -128
-1.79 -128
-1.78 -128
-1.77 -128
-1.76 -128
-1.75 -128
-1.74 -128
-1.73 -128
-1.72 -128
-1.71 -128
-1.7 -128
-1.69 -128
-1.68 -128
-1.67 -128
-1.66 -128
-1.65 -128
-1.64 -128
-1.63 -128
-1.62 -128
-1.61 -128
-1.6 -128
-1.59 -128
-1.58 -128
-1.57 -128
-1.56 -128
-1.55 -128
-1.54 -128
-1.53 -128
-1.52 -128
-1.51 -128
-1.5 -128
-1.49 -128
-1.48 -128
-1.47 -128
-1.46 -128
-1.45 -128
-1.44 -128
-1.43 -128
-1.42 -128
-1.41 -128
-1.4 -128
-1.39 -128
-1.38 -128
-1.37 -128
-1.36 -128
-1.35 -128
-1.34 -128
-1.33 -128
-1.32 -128
-1.31 -128
-1.3 -128
-1.29 -128
-1.28 -128
-1.27 -128
-1.26 -128
-1.25 -128
-1.24 -128
-1.23 -128
-1.22 -128
-1.21 -128
-1.2 -128
-1.19 -128
-1.18 -128
-1.17 -128
-1.16 -128
-1.15 -128
-1.14 -128
-1.13 -128
-1.12 -128
-1.11 -128
-1.1 -128
-1.09 -128
-1.08 -128
-1.07 -128
-1.06 -128
-1.05 -128
-1.04 -128
-1.03 -128
-1.02 -128
-1.01 -128
-1 -128
-0.99 -128
-0.98 -128
-0.97 -128
-0.96 -128
-0.95 -128
-0.94 -128
-0.93 -128
-0.92 -128
-0.91 -128
-0.9 -128
-0.89 -128
-0.88 -128
-0.87 -128
-0.86 -128
-0.85 -128
-0.84 -128
-0.83 -128
-0.82 -128
-0.81 -128
-0.8 -128
-0.79 -128
-0.78 -128
-0.77 -128
-0.76 -128
-0.75 -128
-0.74 -128
-0.73 -128
-0.72 -128
-0.71 -128
-0.7 -128
-0.69 -128
-0.68 -128
-0.67 -128
-0.66 -128
-0.65 -128
-0.64 -128
-0.63 -128
-0.62 -128
-0.61 -128
-0.6 -128
-0.59 -128
-0.58 -128
-0.57 -128
-0.56 -128
-0.55 -128
-0.54 -128
-0.53 -128
-0.52 -128
-0.51 -128
-0.5 -128
-0.49 -128
-0.48 -128
-0.47 -128
-0.46 -128
-0.45 -128
-0.44 -128
-0.43 -128
-0.42 -128
-0.41 -128
-0.4 -128
-0.39 -128
-0.38 -128
-0.37 -128
-0.36 -128
-0.35 -128
-0.34 -128
-0.33 -128
-0.32 -128
-0.31 -128
-0.3 -128
-0.29 -128
-0.28 -128
-0.27 -128
-0.26 -128
-0.25 -128
-0.24 -128
-0.23 -128
-0.22 -128
-0.21 -128
-0.2 -128
-0.19 -128
-0.18 -128
-0.17 -128
-0.16 -128
-0.15 -128
-0.14 -128
-0.13 -128
-0.12 -128
-0.11 -128
-0.1 -128
-0.09 -128
-0.08 -128
-0.07 -128
-0.06 -128
-0.05 -128
-0.04 -128
-0.03 -128
-0.02 -128
-0.01 -128
-6.23078e-014 -128
0.01 -128
0.02 -128
0.03 -128
0.04 -128
0.05 -128
0.06 -128
0.07 -128
0.08 -128
0.09 -128
0.1 -128
0.11 -128
0.12 -128
0.13 -128
0.14 -128
0.15 -128
0.16 -128
0.17 -128
0.18 -128
0.19 -128
0.2 -128
0.21 -128
0.22 -128
0.23 -128
0.24 -128
0.25 -128
0.26 -128
0.27 -128
0.28 -128
0.29 -128
0.3 -128
0.31 -128
0.32 -128
0.33 -128
0.34 -128
0.35 -128
0.36 -128
0.37 -128
0.38 -128
0.39 -128
0.4 -128
0.41 -128
0.42 -128
0.43 -128
0.44 -128
0.45 -128
0.46 -128
0.47 -128
0.48 -128
0.49 -128
0.5 -128
0.51 -128
0.52 -128
0.53 -128
0.54 -128
0.55 -128
0.56 -128
0.57 -128
0.58 -128
0.59 -128
0.6 -128
0.61 -128
0.62 -128
0.63 -128
0.64 -128
0.65 -128
0.66 -128
0.67 -128
0.68 -128
0.69 -128
0.7 -128
0.71 -128
0.72 -128
0.73 -128
0.74 -128
0.75 -128
0.76 -128
0.77 -128
0.78 -128
0.79 -128
0.8 -128
0.81 -128
0.82 -128
0.83 -128
0.84 -128
0.85 -128
0.86 -128
0.87 -128
0.88 -128
0.89 -127.9
0.9 -128
0.91 -128
0.92 -127.98
0.93 -128
0.94 -128
0.95 -127.24
0.96 64
0.97 64
0.98 64
0.99 64
1 64
1.01 64
1.02 64
1.03 64
1.04 64
1.05 64.02
1.06 64
1.07 64
1.08 64
1.09 64
1.1 64
1.11 64
1.12 64
1.13 64
1.14 64
1.15 64
1.16 64
1.17 64
1.18 64
1.19 64
1.2 64
1.21 64.04
1.22 64.06
1.23 64
1.24 64
1.25 64.36
1.26 64
1.27 64
1.28 93.44
1.29 128
1.3 128
1.31 128
1.32 128
1.33 128
1.34 128
1.35 128
1.36 128
1.37 128
1.38 128
1.39 128
1.4 128
1.41 128
1.42 128
1.43 128
1.44 128
1.45 128
1.46 128
1.47 128
1.48 128
1.49 128
1.5 128
1.51 128
1.52 128
1.53 128
1.54 128
1.55 128
1.56 128
1.57 128
1.58 128
1.59 128
1.6 128
1.61 128
1.62 128
1.63 128
1.64 128
1.65 128
1.66 128
1.67 128
1.68 128
1.69 128
1.7 128
1.71 128
1.72 128
1.73 128
1.74 128
1.75 128
1.76 128
1.77 128
1.78 128
1.79 128
1.8 128
1.81 128
1.82 128
1.83 128
1.84 128
1.85 128
1.86 128
1.87 128
1.88 128
1.89 128
1.9 128
1.91 128
1.92 128
1.93 128
1.94 128
1.95 128
1.96 128
1.97 128
1.98 128
1.99 128
2 128
2.01 128
2.02 128
2.03 128
2.04 128
2.05 128
2.06 128
2.07 128
2.08 128
2.09 128
2.1 128
2.11 128
2.12 128
2.13 128
2.14 128
2.15 128
2.16 128
2.17 128
2.18 128
2.19 128
2.2 128
2.21 128
2.22 128
2.23 128
2.24 128
2.25 128
2.26 128
2.27 128
2.28 128
2.29 128
2.3 128
2.31 128
2.32 128
2.33 128
2.34 128
2.35 128
2.36 128
2.37 128
2.38 128
2.39 128
2.4 128
2.41 128
2.42 128
2.43 128
2.44 128
2.45 128
2.46 128
2.47 128
2.48 128
2.49 128
2.5 128
2.51 128
2.52 128
2.53 128
2.54 128
2.55 128
2.56 128
2.57 128
2.58 128
2.59 128
2.6 128
2.61 128
2.62 128
2.63 128
2.64 128
2.65 128
2.66 128
2.67 128
2.68 128
2.69 128
2.7 128
2.71 128
2.72 128
2.73 128
2.74 128
2.75 128
2.76 128
2.77 128
2.78 128
2.79 128
2.8 128
2.81 128
2.82 128
2.83 128
2.84 128
2.85 128
2.86 128
2.87 128
2.88 128
2.89 128
2.9 128
2.91 128
2.92 128
2.93 128
2.94 128
2.95 128
2.96 128
2.97 128
2.98 128
2.99 128
3 128
3.01 128
3.02 128
3.03 128
3.04 128
3.05 128
3.06 128
3.07 128
3.08 128
3.09 128
3.1 128
3.11 128
3.12 128
3.13 128
3.14 128
3.15 128
3.16 128
3.17 128
3.18 128
3.19 128
3.2 128
3.21 128
3.22 128
3.23 128
3.24 128
3.25 128
3.26 128
3.27 128
3.28 128
3.29 128
3.3 128
3.31 128
3.32 128
3.33 128
3.34 128
3.35 128
3.36 128
3.37 128
3.38 128
3.39 128
3.4 128
3.41 128
3.42 128
3.43 128
3.44 128
3.45 128
3.46 128
3.47 128
3.48 128
3.49 128
3.5 128
3.51 128
3.52 128
3.53 128
3.54 128
3.55 128
3.56 128
3.57 128
3.58 128
3.59 128
3.6 128
3.61 128
3.62 128
3.63 128
3.64 128
3.65 128
3.66 128
3.67 128
3.68 128
3.69 128
3.7 128
3.71 128
3.72 128
3.73 128
3.74 128
3.75 128
3.76 128
3.77 128
3.78 128
3.79 128
3.8 128
3.81 128
3.82 128
3.83 128
3.84 128
3.85 128
3.86 128
3.87 128
3.88 128
3.89 128
3.9 128
3.91 128
3.92 128
3.93 128
3.94 128
3.95 128
3.96 128
3.97 128
3.98 128
3.99 128
4 128
4.01 128
4.02 128
4.03 128
4.04 128
4.05 128
4.06 128
4.07 128
4.08 128
4.09 128
4.1 128
4.11 128
4.12 128
4.13 128
4.14 128
4.15 128
4.16 128
4.17 128
4.18 128
4.19 128
4.2 128
4.21 128
4.22 128
4.23 128
4.24 128
4.25 128
4.26 128
4.27 128
4.28 128
4.29 128
4.3 128
4.31 128
4.32 128
4.33 128
4.34 128
4.35 128
4.36 128
4.37 128
4.38 128
4.39 128
4.4 128
4.41 128
4.42 128
4.43 128
4.44 128
4.45 128
4.46 128
4.47 128
4.48 128
4.49 128
4.5 128
4.51 128
4.52 128
4.53 128
4.54 128
4.55 128
4.56 128
4.57 128
4.58 128
4.59 128
4.6 128
4.61 128
4.62 128
4.63 128
4.64 128
4.65 128
4.66 128
4.67 128
4.68 128
4.69 128
4.7 128
4.71 128
4.72 128
4.73 128
4.74 128
4.75 128
4.76 128
4.77 128
4.78 128
4.79 128
4.8 128
4.81 128
4.82 128
4.83 128
4.84 128
4.85 128
4.86 128
4.87 128
4.88 128
4.89 128
4.9 128
4.91 128
4.92 128
4.93 128
4.94 128
4.95 128
4.96 128
4.97 128
4.98 128
4.99 128
5 128
